40 0.852379
42 0.852460
52 0.936792
55 0.937035
56 0.937358
56 0.938491
57 0.938572
60 0.951522
63 0.951602
83 0.951764
85 0.952331
86 0.952412
87 0.953059
96 0.953140
97 0.953221
118 0.953302
119 0.953545
120 0.953707
126 0.953788
128 0.953869
146 0.954192
167 0.954354
201 0.954516
294 0.954597
336 0.954678
357 0.954759
371 0.954840
379 0.955002
388 0.955083
396 0.955163
399 0.955244
409 0.955325
410 0.955406
413 0.955487
417 0.955568
418 0.955649
419 0.955730
421 0.955811
422 0.955973
424 0.956054
425 0.956135
426 0.958644
430 0.958724
431 0.958886
432 0.958967
434 0.959048
435 0.959210
439 0.959291
440 0.959938
441 0.960100
442 0.961233
444 0.961719
445 0.961800
446 0.961881
447 0.966089
448 0.966251
450 0.966494
451 0.967061
453 0.967303
454 0.967465
457 0.967546
458 0.968275
460 0.968355
462 0.968679
463 0.969569
466 0.969893
469 0.969974
470 0.970217
472 0.970379
477 0.970622
479 0.970702
484 0.970783
487 0.970945
497 0.972888
498 0.973050
501 0.975235
514 0.975397
517 0.975478
522 0.975639
523 0.975720
536 0.975801
542 0.975963
545 0.976044
548 0.976125
554 0.976206
557 0.976287
563 0.976368
565 0.976934
566 0.977015
567 0.977177
570 0.977258
573 0.977339
576 0.977420
577 0.977501
584 0.977582
590 0.977663
591 0.977744
592 0.977825
593 0.978148
594 0.978229
596 0.978310
597 0.978472
603 0.978553
612 0.978634
613 0.978958
617 0.980010
620 0.980172
631 0.980253
636 0.980333
639 0.980657
656 0.980738
663 0.981547
665 0.981628
671 0.981709
677 0.981790
695 0.981871
697 0.982114
700 0.982195
707 0.982276
713 0.982357
714 0.982438
715 0.982600
716 0.983004
717 0.983166
720 0.983247
722 0.983328
727 0.983409
728 0.983490
729 0.983571
730 0.983652
731 0.983814
732 0.983975
733 0.984542
734 0.984623
735 0.984704
738 0.984866
739 0.984947
742 0.985027
748 0.985432
752 0.985594
754 0.985999
755 0.986080
759 0.986161
764 0.986242
767 0.986322
768 0.986484
769 0.986646
770 0.986727
772 0.986808
777 0.986889
779 0.986970
788 0.987051
790 0.987213
792 0.987294
796 0.987617
801 0.988103
807 0.988184
808 0.988265
811 0.988346
812 0.988750
813 0.989074
815 0.989155
831 0.989236
842 0.989317
865 0.989398
871 0.989479
874 0.989641
884 0.989722
891 0.989803
895 0.989883
905 0.989964
907 0.990045
922 0.990126
926 0.990207
928 0.990288
938 0.990369
943 0.990450
954 0.990774
957 0.990855
1003 0.990936
1007 0.991017
1015 0.991097
1219 0.991178
1227 0.991259
1234 0.991340
1235 0.991421
1241 0.991502
1245 0.991745
1246 0.992069
1247 0.992150
1248 0.992311
1249 0.992473
1250 0.992635
1251 0.992797
1258 0.992878
1262 0.993040
1265 0.993121
1267 0.993202
1273 0.993364
1274 0.993445
1277 0.993525
1287 0.993687
1301 0.993768
1306 0.993849
1308 0.993930
1314 0.994011
1315 0.994092
1335 0.994173
1400 0.994254
1401 0.994416
1424 0.994578
1461 0.994658
1481 0.994739
1482 0.995387
1483 0.995549
1486 0.995630
1490 0.995711
1498 0.995791
1500 1.000000
