0 326552
1 524192
2 508800
3 685880
4 551832
5 438032
6 437120
7 397888
8 299712
9 383464
10 471640
11 291352
12 365488
13 479832
14 520792
15 428976
16 304440
17 327976
18 315296
19 706904
20 471696
21 358600
22 377792
23 764640
24 595392
25 820000
26 524288
27 661632
28 591976
29 445032
30 549848
31 557664
32 452656
33 576272
34 642344
35 477464
36 330616
37 296208
38 352432
39 361992
40 323008
41 339376
42 302976
43 315200
44 379720
45 251008
46 248432
47 244416
48 376440
49 370776
50 286912
51 268168
52 283488
53 493224
54 474712
55 383808
56 390704
57 392128
58 495040
59 390520
60 259872
61 214600
62 210080
63 189552
64 343728
65 201360
66 252800
67 199264
68 201696
69 202464
70 211936
71 204480
72 262976
73 230040
74 252048
75 205248
76 229088
77 222632
78 221016
79 342104
80 248112
81 284984
82 292480
83 278384
84 235376
85 201552
86 201120
87 323088
88 197408
89 245648
90 293520
91 358864
92 282152
93 203440
94 221816
95 201808
96 194264
97 210728
98 208656
99 92744
100 66744
101 19448
102 21376
103 7384
104 39432
105 11976
106 15624
107 158592
108 114496
109 38912
110 113504
111 198992
112 171448
113 84272
114 112368
115 101688
116 76096
117 171952
118 212112
119 157192
120 145096
121 184320
122 103464
123 118128
124 174968
125 189088
126 214136
127 266992
128 474752
129 28016
130 28752
131 20640
132 18912
133 21408
134 12048
