42 0.197176
54 0.471388
56 0.471400
60 0.495263
61 0.495275
62 0.495288
63 0.495300
64 0.495374
66 0.508223
67 0.508273
68 0.508285
69 0.508371
70 0.509492
71 0.509850
72 0.510158
73 0.510638
74 0.513213
75 0.513829
76 0.514827
77 0.515233
78 0.515677
79 0.516157
80 0.516564
81 0.516958
82 0.517180
83 0.517438
84 0.519040
85 0.519336
86 0.521393
87 0.521566
88 0.521775
89 0.522182
90 0.522514
91 0.522674
92 0.523290
93 0.523648
94 0.523783
95 0.523956
96 0.524066
97 0.524202
98 0.524288
99 0.524498
100 0.524547
101 0.524707
102 0.524744
103 0.524781
104 0.524818
105 0.524917
106 0.524966
107 0.525003
108 0.525101
109 0.525151
110 0.525261
111 0.525335
112 0.525409
113 0.525459
114 0.525471
115 0.525496
116 0.525582
117 0.525606
118 0.525631
120 0.525693
121 0.525791
122 0.525804
123 0.525841
124 0.525865
125 0.525890
126 0.525927
127 0.526038
128 0.526148
129 0.526247
130 0.526321
131 0.526370
132 0.526432
133 0.526481
134 0.526962
135 0.527097
136 0.527122
137 0.527146
138 0.527270
139 0.527356
140 0.527393
141 0.527516
142 0.527602
144 0.527639
145 0.527762
146 0.527861
147 0.528095
148 0.528452
149 0.528489
150 0.528637
151 0.528822
152 0.528896
153 0.529118
154 0.529216
155 0.529278
156 0.529426
157 0.529536
158 0.529623
159 0.529684
160 0.530128
161 0.530177
162 0.530313
163 0.530349
164 0.530399
165 0.530411
166 0.530473
167 0.530485
168 0.530571
169 0.530621
170 0.530744
171 0.530768
172 0.530842
173 0.530929
174 0.530990
175 0.531027
176 0.531175
177 0.531224
179 0.531384
180 0.531458
181 0.531668
182 0.531692
183 0.531766
184 0.531816
185 0.531828
186 0.531889
187 0.531914
188 0.531939
189 0.531951
190 0.531963
191 0.531976
194 0.532222
195 0.532259
196 0.532271
197 0.532296
198 0.532308
199 0.532345
200 0.532370
201 0.532382
203 0.532395
205 0.532419
206 0.532432
207 0.532456
208 0.532542
209 0.532555
210 0.532567
214 0.532579
215 0.532604
216 0.532653
218 0.533343
219 0.533356
222 0.533454
223 0.533466
226 0.533479
227 0.533491
228 0.533590
229 0.533602
230 0.533614
232 0.533627
233 0.533639
235 0.533676
236 0.533700
238 0.533713
239 0.533737
240 0.533762
241 0.533824
243 0.533861
244 0.533947
245 0.534156
246 0.534169
247 0.534193
249 0.534206
251 0.534279
252 0.534292
254 0.534316
255 0.534329
257 0.534341
259 0.534353
260 0.534366
264 0.534378
265 0.534390
268 0.534415
270 0.534427
271 0.534440
272 0.534464
274 0.534477
275 0.534514
276 0.534550
278 0.534575
279 0.534698
280 0.534711
281 0.534760
283 0.534772
284 0.534822
285 0.534859
287 0.534883
288 0.534895
289 0.534908
290 0.534920
296 0.535019
298 0.535031
300 0.535056
301 0.535068
304 0.535093
308 0.535105
310 0.535130
316 0.535142
318 0.535154
320 0.535167
324 0.535179
332 0.535216
335 0.535228
341 0.535265
346 0.535474
350 0.535499
364 0.535536
366 0.535548
367 0.535561
369 0.535573
371 0.535598
377 0.535709
381 0.535721
384 0.535733
385 0.535746
386 0.535758
388 0.535819
393 0.535844
394 0.535856
402 0.535881
408 0.535906
409 0.535930
410 0.536054
411 0.536078
412 0.536312
413 0.536337
414 0.536362
415 0.536386
421 0.536398
423 0.536423
424 0.536435
427 0.536448
429 0.536805
431 0.536817
432 0.536830
433 0.536842
434 0.536867
435 0.536879
436 0.536904
438 0.536916
439 0.536928
440 0.537310
442 0.537446
443 0.537483
444 0.537495
445 0.537544
446 0.537569
447 0.537581
448 0.537593
449 0.537618
453 0.537630
454 0.537729
455 0.537926
456 0.538099
458 0.538172
459 0.538185
460 0.538197
461 0.538838
462 0.538862
464 0.538912
465 0.538998
467 0.539047
468 0.539084
470 0.539096
471 0.539121
472 0.539232
474 0.539244
476 0.539306
477 0.539441
479 0.539454
480 0.539503
483 0.539540
484 0.539577
486 0.539614
490 0.539626
491 0.539663
493 0.539675
495 0.540218
498 0.540230
501 0.540267
505 0.540304
511 0.540599
512 0.540636
514 0.540673
515 0.541006
516 0.541018
517 0.541031
518 0.541043
519 0.541080
520 0.541105
521 0.541117
525 0.541129
528 0.541154
530 0.541166
531 0.541179
532 0.541191
536 0.541215
537 0.541228
539 0.541314
540 0.541326
543 0.541339
546 0.541351
548 0.541437
549 0.541450
550 0.541487
556 0.541523
559 0.541548
561 0.541597
562 0.541622
566 0.541634
567 0.541647
568 0.541671
569 0.541721
570 0.541733
571 0.541758
577 0.541770
579 0.541856
580 0.541868
581 0.541893
583 0.541905
584 0.541918
587 0.541930
588 0.541942
590 0.541955
591 0.541979
598 0.541992
604 0.542004
605 0.542139
606 0.542152
607 0.542201
608 0.542213
610 0.542226
611 0.542250
612 0.542263
614 0.542312
617 0.542337
620 0.542361
621 0.542373
622 0.542386
624 0.542398
626 0.542410
627 0.542460
631 0.542620
634 0.542645
636 0.542657
641 0.542669
643 0.542682
645 0.542694
650 0.542706
651 0.542731
653 0.542780
656 0.542792
660 0.542805
666 0.542817
670 0.542854
671 0.542866
674 0.542879
677 0.543002
678 0.543039
679 0.543063
680 0.543076
685 0.543088
686 0.543125
687 0.543137
688 0.543162
691 0.543187
696 0.543199
702 0.543224
709 0.543236
711 0.543273
714 0.543285
720 0.543297
721 0.543310
722 0.543322
724 0.543334
726 0.543347
727 0.543359
728 0.543371
729 0.543396
730 0.543458
731 0.543495
732 0.543507
734 0.543519
736 0.543532
740 0.543544
741 0.543556
742 0.543581
743 0.543618
744 0.543630
745 0.543655
746 0.543679
747 0.543766
748 0.543778
749 0.543790
752 0.543827
753 0.543864
755 0.543877
756 0.543889
757 0.543901
762 0.543963
765 0.543975
766 0.544000
767 0.544012
768 0.544074
769 0.544086
770 0.544148
773 0.544160
778 0.544185
779 0.544197
781 0.544209
782 0.544234
783 0.544258
784 0.544271
786 0.544283
791 0.544295
793 0.544308
795 0.544320
796 0.544345
799 0.544357
801 0.544369
802 0.544382
803 0.544406
804 0.544443
806 0.544456
808 0.544468
810 0.544517
815 0.544591
821 0.544603
822 0.544616
825 0.544628
826 0.544727
827 0.544776
828 0.544788
829 0.544850
833 0.544874
835 0.544887
836 0.544911
838 0.544936
843 0.544948
844 0.544973
845 0.544985
846 0.544998
847 0.545010
850 0.545022
852 0.545035
853 0.545047
856 0.545084
860 0.545096
862 0.545108
863 0.545121
867 0.545145
871 0.545170
873 0.545182
874 0.545195
875 0.545207
879 0.545219
884 0.545232
885 0.545244
887 0.545256
888 0.545293
892 0.545318
894 0.545330
896 0.545343
897 0.545355
898 0.545380
901 0.545392
902 0.545404
903 0.545416
904 0.545429
905 0.545515
906 0.545527
908 0.545540
909 0.545552
910 0.545564
915 0.545577
917 0.545601
919 0.545614
921 0.545651
930 0.547560
932 0.547572
933 0.547585
936 0.547597
940 0.547634
942 0.547646
946 0.547659
948 0.547671
952 0.547696
955 0.547708
957 0.547720
967 0.547733
968 0.547782
971 0.547794
975 0.547807
976 0.547831
992 0.547893
994 0.547905
998 0.547917
1013 0.547930
1017 0.547942
1019 0.547967
1020 0.547979
1021 0.547991
1022 0.548004
1024 0.548016
1025 0.548028
1028 0.548053
1029 0.548065
1030 0.548078
1034 0.548090
1036 0.548114
1045 0.548127
1046 0.548139
1054 0.548151
1056 0.548176
1062 0.548188
1073 0.548201
1082 0.548225
1092 0.548238
1093 0.548250
1094 0.548262
1103 0.548299
1104 0.548312
1109 0.548324
1110 0.548336
1114 0.548349
1115 0.548361
1118 0.548373
1119 0.548386
1122 0.548398
1123 0.548410
1125 0.548435
1127 0.548447
1131 0.548459
1132 0.548472
1134 0.548484
1136 0.548509
1138 0.548521
1141 0.548533
1142 0.548546
1144 0.548558
1149 0.548570
1150 0.548583
1152 0.548595
1153 0.548607
1156 0.548632
1158 0.548657
1160 0.548669
1162 0.548681
1168 0.548693
1170 0.548706
1175 0.548718
1176 0.548730
1184 0.548743
1185 0.548755
1195 0.548767
1201 0.548780
1204 0.548792
1207 0.548804
1210 0.548903
1216 0.548915
1218 0.548928
1225 0.548940
1227 0.548952
1231 0.548977
1233 0.548989
1241 0.549002
1244 0.549014
1248 0.549026
1249 0.549038
1255 0.549051
1259 0.549088
1260 0.549137
1261 0.549149
1262 0.549186
1263 0.549223
1264 0.549248
1265 0.549273
1269 0.549285
1272 0.549297
1273 0.549322
1274 0.549359
1276 0.549383
1279 0.549396
1280 0.549408
1281 0.549420
1282 0.549433
1287 0.549457
1288 0.549470
1291 0.549482
1292 0.549494
1294 0.549507
1297 0.549519
1301 0.549544
1304 0.549593
1310 0.549605
1311 0.549630
1315 0.549667
1316 0.549679
1317 0.549728
1318 0.549790
1319 0.549802
1320 0.549815
1322 0.549827
1325 0.549839
1328 0.549852
1329 0.549864
1331 0.549876
1334 0.549888
1337 0.549901
1342 0.549925
1344 0.549938
1346 0.549962
1347 0.549975
1348 0.550012
1349 0.550049
1350 0.550147
1352 0.550160
1353 0.550184
1354 0.550258
1355 0.550270
1357 0.550295
1362 0.550320
1374 0.572125
1378 0.572138
1380 0.572150
1381 0.572187
1382 0.572224
1383 0.572261
1388 0.572581
1390 0.572594
1395 0.572606
1397 0.572631
1404 0.572643
1406 0.572655
1413 0.572668
1414 0.572680
1415 0.572705
1417 0.572717
1419 0.572729
1430 0.577719
1434 0.577731
1435 0.577743
1438 0.577768
1439 0.577780
1447 0.577793
1452 0.577805
1453 0.577817
1456 0.577842
1457 0.577940
1472 0.585948
1475 0.585961
1490 0.585985
1491 0.585997
1493 0.586010
1495 0.586034
1496 0.586133
1497 0.586158
1500 0.586182
1501 0.586195
1502 0.586232
1504 0.586244
1506 0.586256
1507 0.586268
1508 0.586293
1509 0.586305
1510 0.586342
1511 0.586490
1512 0.586786
1513 0.589102
1514 1.000000
