0	40819.000000
1	65524.000000
2	63600.000000
3	85735.000000
4	68979.000000
5	54754.000000
6	54640.000000
7	49736.000000
8	37464.000000
9	47933.000000
10	58955.000000
11	36419.000000
12	45686.000000
13	59979.000000
14	65099.000000
15	53622.000000
16	38055.000000
17	40997.000000
18	39412.000000
19	88363.000000
20	58962.000000
21	44825.000000
22	47224.000000
23	95580.000000
24	74424.000000
25	102500.000000
26	65536.000000
27	82704.000000
28	73997.000000
29	55629.000000
30	68731.000000
31	69708.000000
32	56582.000000
33	72034.000000
34	80293.000000
35	59683.000000
36	41327.000000
37	37026.000000
38	44054.000000
39	45249.000000
40	40376.000000
41	42422.000000
42	37872.000000
43	39400.000000
44	47465.000000
45	31376.000000
46	31054.000000
47	30552.000000
48	47055.000000
49	46347.000000
50	35864.000000
51	33521.000000
52	35436.000000
53	61653.000000
54	59339.000000
55	47976.000000
56	48838.000000
57	49016.000000
58	61880.000000
59	48815.000000
60	32484.000000
61	26825.000000
62	26260.000000
63	23694.000000
64	42966.000000
65	25170.000000
66	31600.000000
67	24908.000000
68	25212.000000
69	25308.000000
70	26492.000000
71	25560.000000
72	32872.000000
73	28755.000000
74	31506.000000
75	25656.000000
76	28636.000000
77	27829.000000
78	27627.000000
79	42763.000000
80	31014.000000
81	35623.000000
82	36560.000000
83	34798.000000
84	29422.000000
85	25194.000000
86	25140.000000
87	40386.000000
88	24676.000000
89	30706.000000
90	36690.000000
91	44858.000000
92	35269.000000
93	25430.000000
94	27727.000000
95	25226.000000
96	24283.000000
97	26341.000000
98	26082.000000
99	11593.000000
100	8343.000000
101	2431.000000
102	2672.000000
103	923.000000
104	4929.000000
105	1497.000000
106	1953.000000
107	19824.000000
108	14312.000000
109	4864.000000
110	14188.000000
111	24874.000000
112	21431.000000
113	10534.000000
114	14046.000000
115	12711.000000
116	9512.000000
117	21494.000000
118	26514.000000
119	19649.000000
120	18137.000000
121	23040.000000
122	12933.000000
123	14766.000000
124	21871.000000
125	23636.000000
126	26767.000000
127	33374.000000
128	59344.000000
129	3502.000000
130	3594.000000
131	2580.000000
132	2364.000000
133	2676.000000
134	1506.000000
