0	2590.000000
1	151167.000000
2	1841.000000
3	441312.000000
4	70695.000000
5	145.000000
6	301.000000
7	501.000000
8	2874.000000
9	2300.000000
10	108195.000000
11	957.000000
12	166911.000000
13	323813.000000
14	1438109.000000
15	1042326.000000
16	437.000000
17	6029.000000
18	32254.000000
19	2543400.000000
20	1516689.000000
21	4254.000000
22	399214.000000
23	3214515.000000
24	1260833.000000
25	4913665.000000
26	105008.000000
27	1997051.000000
28	1124969.000000
29	24518.000000
30	532902.000000
31	2232845.000000
32	379866.000000
33	2393422.000000
34	2843480.000000
35	1116698.000000
36	309513.000000
37	391272.000000
38	594200.000000
39	363161.000000
40	119742.000000
41	31195.000000
42	3987.000000
43	1361.000000
44	216789.000000
45	1376.000000
46	1199.000000
47	94146.000000
48	1759973.000000
49	1431889.000000
50	1346.000000
51	3700.000000
52	679.000000
53	2131.000000
54	4846.000000
55	2985.000000
56	3533.000000
57	385.000000
58	1685.000000
59	318887.000000
60	1806.000000
61	1640.000000
62	1650.000000
63	336.000000
64	1342560.000000
65	168.000000
66	435268.000000
67	2638.000000
68	716.000000
69	503.000000
70	2806.000000
71	306.000000
72	1129.000000
73	1980.000000
74	290.000000
75	1143.000000
76	1851.000000
77	3440.000000
78	3426.000000
79	126163.000000
80	1972.000000
81	2240.000000
82	313.000000
83	289.000000
84	360.000000
85	295.000000
86	1569.000000
87	1448217.000000
88	1699.000000
89	86338.000000
90	431302.000000
91	822008.000000
92	429592.000000
93	922.000000
94	2669.000000
95	459.000000
96	1375.000000
97	953.000000
98	1293.000000
99	97112.000000
100	309331.000000
101	2116.000000
102	2468.000000
103	1349.000000
104	54413.000000
105	895.000000
106	1132.000000
107	1685511.000000
108	547181.000000
109	1469.000000
110	30315.000000
111	1913.000000
112	3540.000000
113	486.000000
114	1816.000000
115	1547.000000
116	6376.000000
117	1496.000000
118	4200.000000
119	1002.000000
120	1031.000000
121	1762601.000000
122	111063.000000
123	61477.000000
124	435086.000000
125	693648.000000
126	1404144.000000
127	677188.000000
128	3960606.000000
129	159026.000000
