0.000000 0.001130
0.000010 0.002825
0.000011 0.003390
0.000026 0.003955
0.037272 0.004520
0.048669 0.005085
0.053983 0.005650
0.054725 0.006215
0.055072 0.006780
0.056037 0.007345
0.056079 0.007910
0.056143 0.008475
0.056158 0.009040
0.056163 0.009605
0.056181 0.010169
0.056182 0.010734
0.056193 0.011299
0.056194 0.011864
0.056199 0.012429
0.056201 0.012994
0.056203 0.013559
0.056204 0.014124
0.056209 0.015819
0.056210 0.016384
0.056211 0.016949
0.056212 0.018079
0.056214 0.018644
0.056217 0.019774
0.056220 0.020339
0.056222 0.021469
0.056224 0.022034
0.056227 0.022599
0.056228 0.023164
0.056229 0.023729
0.056230 0.024859
0.056231 0.026554
0.056233 0.027684
0.056234 0.028249
0.056236 0.030508
0.056237 0.031073
0.056238 0.032203
0.056239 0.032768
0.056241 0.035593
0.056242 0.037288
0.056243 0.037853
0.056244 0.038418
0.056246 0.038983
0.056247 0.040113
0.056248 0.040678
0.056249 0.041243
0.056251 0.041808
0.056252 0.044068
0.056253 0.044633
0.056255 0.045763
0.056256 0.046893
0.056257 0.048023
0.056258 0.050282
0.056259 0.050847
0.056260 0.051412
0.056261 0.053107
0.056262 0.054802
0.056263 0.055932
0.056264 0.057062
0.056265 0.058192
0.056266 0.060452
0.056267 0.061017
0.056268 0.062712
0.056269 0.064972
0.056270 0.066667
0.056271 0.068927
0.056272 0.072316
0.056273 0.076836
0.056274 0.080791
0.056275 0.082486
0.056276 0.089266
0.056277 0.094915
0.056278 0.097175
0.056279 0.103390
0.056280 0.110169
0.056281 0.116949
0.056282 0.123164
0.056283 0.129944
0.056284 0.136723
0.056285 0.145763
0.056286 0.148588
0.056287 0.154802
0.056288 0.163277
0.056289 0.171751
0.056290 0.182486
0.056291 0.192655
0.056292 0.202825
0.056293 0.215254
0.056294 0.223164
0.056295 0.230508
0.056296 0.239548
0.056297 0.251412
0.056298 0.261582
0.056299 0.273446
0.056300 0.285311
0.056301 0.298870
0.056302 0.318079
0.056303 0.336723
0.056304 0.357062
0.056305 0.373446
0.056306 0.390960
0.056307 0.414689
0.056308 0.431638
0.056309 0.453672
0.056310 0.476271
0.056311 0.497175
0.056312 0.520904
0.056313 0.541808
0.056314 0.564972
0.056315 0.594915
0.056316 0.606215
0.056317 0.625989
0.056318 0.647458
0.056319 0.666667
0.056320 0.683616
0.056321 0.697740
0.056322 0.711864
0.056323 0.722599
0.056324 0.737853
0.056325 0.754237
0.056326 0.763277
0.056327 0.772881
0.056328 0.783616
0.056329 0.790960
0.056330 0.801130
0.056331 0.814124
0.056332 0.823164
0.056333 0.835028
0.056334 0.847458
0.056335 0.851412
0.056336 0.858757
0.056337 0.866667
0.056338 0.874576
0.056339 0.877966
0.056340 0.884746
0.056341 0.889831
0.056342 0.894350
0.056343 0.900000
0.056344 0.905085
0.056345 0.907910
0.056346 0.912429
0.056347 0.916949
0.056348 0.920904
0.056349 0.923729
0.056350 0.927684
0.056351 0.928814
0.056352 0.933333
0.056353 0.936723
0.056354 0.939548
0.056355 0.941808
0.056356 0.942938
0.056357 0.944068
0.056358 0.945198
0.056359 0.945763
0.056360 0.948588
0.056362 0.949718
0.056363 0.951412
0.056364 0.953107
0.056365 0.955367
0.056366 0.957062
0.056367 0.958757
0.056368 0.959322
0.056369 0.960452
0.056370 0.962147
0.056372 0.963277
0.056373 0.963842
0.056374 0.964407
0.056375 0.966667
0.056377 0.968362
0.056378 0.968927
0.056379 0.970056
0.056380 0.970621
0.056381 0.971751
0.056382 0.972316
0.056383 0.972881
0.056384 0.975706
0.056386 0.976271
0.056387 0.976836
0.056388 0.977401
0.056389 0.979096
0.056390 0.979661
0.056392 0.980791
0.056396 0.981356
0.056397 0.982486
0.056401 0.983051
0.056402 0.983616
0.056403 0.984746
0.056405 0.985311
0.056408 0.985876
0.056409 0.986441
0.056410 0.987571
0.056412 0.988136
0.056413 0.989266
0.056417 0.989830
0.056419 0.990395
0.056421 0.990960
0.056426 0.992090
0.056427 0.992655
0.056438 0.993220
0.056444 0.993785
0.056450 0.994350
0.056459 0.994915
0.056479 0.995480
0.056487 0.996045
0.056511 0.996610
0.056531 0.997175
0.056564 0.997740
0.057541 0.998305
0.057896 0.998870
0.058614 0.999435
0.063978 1.000000
