69.000000 0.001689
70.000000 0.003378
71.000000 0.006757
72.000000 0.021959
73.000000 0.032095
74.000000 0.043919
75.000000 0.074324
76.000000 0.091216
77.000000 0.104730
78.000000 0.182432
79.000000 0.199324
80.000000 0.214527
81.000000 0.233108
82.000000 0.243243
83.000000 0.256757
84.000000 0.268581
85.000000 0.282095
86.000000 0.285473
87.000000 0.292230
88.000000 0.297297
89.000000 0.302365
90.000000 0.307432
91.000000 0.320946
92.000000 0.326014
93.000000 0.327703
94.000000 0.341216
95.000000 0.347973
96.000000 0.359797
97.000000 0.368243
98.000000 0.376689
99.000000 0.381757
100.000000 0.383446
101.000000 0.386824
102.000000 0.393581
103.000000 0.396959
104.000000 0.400338
106.000000 0.408784
107.000000 0.418919
108.000000 0.420608
109.000000 0.425676
110.000000 0.427365
112.000000 0.432432
113.000000 0.445946
114.000000 0.457770
115.000000 0.471284
116.000000 0.481419
117.000000 0.488176
118.000000 0.491554
119.000000 0.493243
120.000000 0.506757
121.000000 0.523649
122.000000 0.527027
123.000000 0.530405
124.000000 0.540541
125.000000 0.552365
126.000000 0.555743
127.000000 0.570946
128.000000 0.579392
130.000000 0.584459
131.000000 0.587838
132.000000 0.589527
133.000000 0.596284
134.000000 0.603041
135.000000 0.608108
136.000000 0.613176
137.000000 0.619932
138.000000 0.623311
139.000000 0.630068
140.000000 0.636824
141.000000 0.643581
142.000000 0.652027
143.000000 0.655405
144.000000 0.667230
145.000000 0.668919
146.000000 0.685811
147.000000 0.692568
148.000000 0.707770
149.000000 0.711149
150.000000 0.717905
151.000000 0.719595
152.000000 0.726351
153.000000 0.728041
154.000000 0.739865
155.000000 0.746622
156.000000 0.763514
157.000000 0.766892
158.000000 0.777027
159.000000 0.787162
160.000000 0.795608
161.000000 0.800676
162.000000 0.805743
163.000000 0.812500
165.000000 0.814189
166.000000 0.815878
167.000000 0.820946
168.000000 0.824324
169.000000 0.831081
170.000000 0.837838
171.000000 0.839527
172.000000 0.846284
173.000000 0.849662
174.000000 0.853041
175.000000 0.854730
176.000000 0.856419
177.000000 0.858108
181.000000 0.863176
183.000000 0.866554
185.000000 0.868243
186.000000 0.869932
187.000000 0.871622
189.000000 0.873311
191.000000 0.876689
193.000000 0.880068
194.000000 0.881757
200.000000 0.883446
202.000000 0.886824
205.000000 0.888514
212.000000 0.890203
213.000000 0.891892
218.000000 0.893581
219.000000 0.895270
221.000000 0.896959
222.000000 0.900338
224.000000 0.902027
225.000000 0.903716
226.000000 0.905405
227.000000 0.907095
230.000000 0.908784
232.000000 0.910473
233.000000 0.912162
235.000000 0.913851
237.000000 0.923986
238.000000 0.925676
240.000000 0.929054
243.000000 0.930743
246.000000 0.932432
250.000000 0.934122
256.000000 0.935811
258.000000 0.939189
261.000000 0.944257
262.000000 0.949324
264.000000 0.952703
265.000000 0.969595
267.000000 0.972973
270.000000 0.979730
271.000000 0.984797
273.000000 0.988176
275.000000 0.989865
276.000000 0.991554
290.000000 0.994932
302.000000 0.996622
304.000000 0.998311
380.000000 1.000000
