50.000000 0.001692
53.000000 0.008460
54.000000 0.010152
55.000000 0.016920
56.000000 0.042301
57.000000 0.087986
58.000000 0.128596
59.000000 0.194585
60.000000 0.257191
61.000000 0.340102
62.000000 0.477157
63.000000 0.531303
64.000000 0.590525
65.000000 0.654822
66.000000 0.710660
67.000000 0.756345
68.000000 0.785110
69.000000 0.818951
70.000000 0.859560
71.000000 0.896785
72.000000 0.912014
73.000000 0.925550
74.000000 0.935702
75.000000 0.947547
76.000000 0.959391
77.000000 0.967851
78.000000 0.974619
79.000000 0.979695
80.000000 0.983080
81.000000 0.984772
82.000000 0.989848
83.000000 0.991540
92.000000 0.993232
111.000000 0.996616
118.000000 1.000000
