0.000000 0.014547
40.000000 0.038116
41.000000 0.044297
42.000000 0.044850
43.000000 0.045139
44.000000 0.049742
45.000000 0.049769
46.000000 0.049795
47.000000 0.049821
48.000000 0.049847
49.000000 0.049874
52.000000 0.049900
56.000000 0.049926
57.000000 0.049953
58.000000 0.049979
60.000000 0.050005
61.000000 0.050032
65.000000 0.050058
68.000000 0.050084
69.000000 0.050110
70.000000 0.050163
71.000000 0.050216
72.000000 0.050452
73.000000 0.050610
74.000000 0.050794
75.000000 0.051268
76.000000 0.051584
77.000000 0.051794
78.000000 0.053004
79.000000 0.053267
80.000000 0.053504
81.000000 0.053846
82.000000 0.054004
83.000000 0.054214
84.000000 0.054398
85.000000 0.054609
86.000000 0.054688
87.000000 0.054793
88.000000 0.054872
89.000000 0.054951
90.000000 0.055029
91.000000 0.055240
92.000000 0.055319
93.000000 0.055345
94.000000 0.055556
95.000000 0.055661
96.000000 0.055845
97.000000 0.055976
98.000000 0.056134
99.000000 0.056239
100.000000 0.056266
101.000000 0.056318
102.000000 0.056450
103.000000 0.056503
104.000000 0.056555
106.000000 0.056687
107.000000 0.056844
108.000000 0.056871
109.000000 0.056950
110.000000 0.057002
112.000000 0.057081
113.000000 0.057318
114.000000 0.057528
115.000000 0.057739
116.000000 0.057897
117.000000 0.058002
118.000000 0.058055
119.000000 0.058081
120.000000 0.058318
121.000000 0.058581
122.000000 0.058633
123.000000 0.058686
124.000000 0.058896
125.000000 0.059080
126.000000 0.059133
127.000000 0.059396
128.000000 0.059528
130.000000 0.059606
131.000000 0.059659
132.000000 0.059685
133.000000 0.059817
134.000000 0.059922
135.000000 0.060001
136.000000 0.060080
137.000000 0.060185
138.000000 0.060238
139.000000 0.060343
140.000000 0.060448
141.000000 0.060580
142.000000 0.060711
143.000000 0.060764
144.000000 0.060948
145.000000 0.060974
146.000000 0.061237
147.000000 0.061343
148.000000 0.061606
149.000000 0.061685
150.000000 0.061790
151.000000 0.061816
152.000000 0.061948
153.000000 0.061974
154.000000 0.062158
155.000000 0.062263
156.000000 0.062526
157.000000 0.062579
158.000000 0.062737
159.000000 0.062895
160.000000 0.063026
161.000000 0.063105
162.000000 0.063184
163.000000 0.063289
165.000000 0.063315
166.000000 0.063447
167.000000 0.063526
168.000000 0.063578
169.000000 0.063684
170.000000 0.063789
171.000000 0.063815
172.000000 0.063920
173.000000 0.063973
174.000000 0.064026
175.000000 0.064052
176.000000 0.064078
177.000000 0.064105
180.000000 0.064631
181.000000 0.064710
183.000000 0.064762
184.000000 0.064789
185.000000 0.064815
186.000000 0.064841
187.000000 0.064867
189.000000 0.064894
191.000000 0.064946
192.000000 0.064973
193.000000 0.065025
194.000000 0.065052
195.000000 0.065078
200.000000 0.065104
202.000000 0.065209
204.000000 0.066656
205.000000 0.066682
208.000000 0.066867
209.000000 0.066893
212.000000 0.066919
213.000000 0.066945
215.000000 0.066972
218.000000 0.066998
219.000000 0.067024
221.000000 0.067103
222.000000 0.067156
224.000000 0.067182
225.000000 0.067235
226.000000 0.067287
227.000000 0.067419
229.000000 0.067498
230.000000 0.067682
231.000000 0.068129
232.000000 0.068156
233.000000 0.068182
235.000000 0.068208
237.000000 0.068366
238.000000 0.068392
240.000000 0.068445
241.000000 0.068471
243.000000 0.068497
245.000000 0.068524
246.000000 0.068550
250.000000 0.068576
251.000000 0.068603
254.000000 0.068655
256.000000 0.068682
257.000000 0.068708
258.000000 0.068761
260.000000 0.068787
261.000000 0.068866
262.000000 0.068945
264.000000 0.068997
265.000000 0.069260
266.000000 0.069287
267.000000 0.069392
270.000000 0.069497
271.000000 0.069576
273.000000 0.069629
274.000000 0.069655
275.000000 0.069681
276.000000 0.069707
282.000000 0.069918
284.000000 0.069944
286.000000 0.069997
287.000000 0.070023
290.000000 0.070076
296.000000 0.070128
302.000000 0.070155
304.000000 0.070181
306.000000 0.070207
310.000000 0.070234
318.000000 0.070286
321.000000 0.070312
327.000000 0.070391
332.000000 0.070839
336.000000 0.070865
352.000000 0.070891
353.000000 0.070918
355.000000 0.070944
357.000000 0.070970
363.000000 0.071207
367.000000 0.071233
370.000000 0.071259
372.000000 0.071286
374.000000 0.071338
380.000000 0.071365
388.000000 0.071391
394.000000 0.071444
395.000000 0.071496
396.000000 0.071733
397.000000 0.071786
398.000000 0.072285
399.000000 0.072312
400.000000 0.072338
401.000000 0.072391
407.000000 0.072417
415.000000 0.073180
420.000000 0.073206
428.000000 0.073495
429.000000 0.073548
431.000000 0.073601
432.000000 0.073627
433.000000 0.073653
441.000000 0.074021
450.000000 0.074048
454.000000 0.074074
456.000000 0.074100
457.000000 0.074127
462.000000 0.074153
465.000000 0.074179
469.000000 0.074232
476.000000 0.074258
481.000000 0.075416
487.000000 0.075442
498.000000 0.075468
503.000000 0.075495
504.000000 0.075521
505.000000 0.075547
506.000000 0.075600
507.000000 0.075626
511.000000 0.075652
516.000000 0.075679
518.000000 0.075705
526.000000 0.075731
529.000000 0.075758
532.000000 0.075784
535.000000 0.075810
536.000000 0.075863
542.000000 0.075889
547.000000 0.075915
548.000000 0.075942
552.000000 0.075968
553.000000 0.075994
554.000000 0.076021
555.000000 0.076047
556.000000 0.076073
557.000000 0.076100
569.000000 0.076126
574.000000 0.076152
577.000000 0.076178
591.000000 0.076441
598.000000 0.076468
600.000000 0.076573
603.000000 0.076599
606.000000 0.076652
608.000000 0.076678
610.000000 0.076705
622.000000 0.076731
627.000000 0.076757
629.000000 0.076783
637.000000 0.076836
642.000000 0.076862
646.000000 0.076889
652.000000 0.076915
656.000000 0.076968
657.000000 0.076994
660.000000 0.077020
664.000000 0.077099
665.000000 0.077125
666.000000 0.077152
672.000000 0.077231
673.000000 0.077257
674.000000 0.077310
677.000000 0.077336
682.000000 0.077362
688.000000 0.077415
706.000000 0.077441
708.000000 0.077467
710.000000 0.077494
712.000000 0.077520
717.000000 0.077546
718.000000 0.077573
726.000000 0.077599
728.000000 0.077625
729.000000 0.077678
738.000000 0.077704
739.000000 0.077757
741.000000 0.077783
743.000000 0.077809
751.000000 0.077836
753.000000 0.077862
756.000000 0.077993
764.000000 0.078020
765.000000 0.078046
781.000000 0.078072
782.000000 0.078125
787.000000 0.078151
789.000000 0.078204
790.000000 0.078230
794.000000 0.078257
812.000000 0.078335
814.000000 0.078362
815.000000 0.078467
819.000000 0.078493
821.000000 0.078520
822.000000 0.078572
824.000000 0.078625
829.000000 0.078651
830.000000 0.078704
832.000000 0.078730
833.000000 0.078756
836.000000 0.078783
838.000000 0.078809
839.000000 0.078835
842.000000 0.078888
846.000000 0.078914
848.000000 0.078940
849.000000 0.078967
853.000000 0.079019
857.000000 0.079072
859.000000 0.079098
860.000000 0.079125
861.000000 0.079151
870.000000 0.079177
873.000000 0.079203
874.000000 0.079230
878.000000 0.079282
880.000000 0.079309
883.000000 0.079335
887.000000 0.079361
888.000000 0.079388
889.000000 0.079414
890.000000 0.079440
891.000000 0.079598
892.000000 0.079624
894.000000 0.079651
896.000000 0.079677
901.000000 0.079703
903.000000 0.079756
907.000000 0.079809
916.000000 0.083886
918.000000 0.083912
919.000000 0.083938
926.000000 0.083991
932.000000 0.084017
934.000000 0.084044
938.000000 0.084070
941.000000 0.084096
953.000000 0.084122
961.000000 0.084149
962.000000 0.084201
978.000000 0.084333
980.000000 0.084359
984.000000 0.084386
999.000000 0.084412
1005.000000 0.084464
1006.000000 0.084491
1008.000000 0.084517
1010.000000 0.084543
1011.000000 0.084570
1014.000000 0.084622
1016.000000 0.084649
1022.000000 0.084701
1032.000000 0.084727
1040.000000 0.084754
1042.000000 0.084806
1048.000000 0.084833
1059.000000 0.084859
1068.000000 0.084912
1078.000000 0.084938
1079.000000 0.084964
1080.000000 0.084991
1089.000000 0.085069
1090.000000 0.085096
1095.000000 0.085122
1096.000000 0.085148
1100.000000 0.085175
1101.000000 0.085201
1104.000000 0.085227
1105.000000 0.085254
1108.000000 0.085280
1109.000000 0.085306
1111.000000 0.085359
1113.000000 0.085385
1117.000000 0.085411
1118.000000 0.085438
1122.000000 0.085490
1124.000000 0.085517
1127.000000 0.085543
1128.000000 0.085569
1130.000000 0.085596
1136.000000 0.085622
1138.000000 0.085648
1139.000000 0.085674
1142.000000 0.085727
1144.000000 0.085780
1146.000000 0.085806
1148.000000 0.085832
1154.000000 0.085859
1156.000000 0.085885
1161.000000 0.085911
1162.000000 0.085938
1170.000000 0.085964
1171.000000 0.085990
1181.000000 0.086016
1187.000000 0.086043
1190.000000 0.086069
1193.000000 0.086095
1196.000000 0.086306
1202.000000 0.086332
1204.000000 0.086358
1211.000000 0.086385
1213.000000 0.086411
1217.000000 0.086464
1230.000000 0.086490
1248.000000 0.086516
1249.000000 0.086543
1255.000000 0.086569
1259.000000 0.086621
1260.000000 0.086700
1266.000000 0.086727
1268.000000 0.086753
1278.000000 0.086779
1283.000000 0.086806
1290.000000 0.086911
1296.000000 0.086937
1297.000000 0.086990
1301.000000 0.087042
1302.000000 0.087069
1303.000000 0.087174
1304.000000 0.087305
1305.000000 0.087332
1311.000000 0.087358
1317.000000 0.087384
1320.000000 0.087411
1323.000000 0.087437
1328.000000 0.087489
1330.000000 0.087516
1332.000000 0.087568
1333.000000 0.087595
1334.000000 0.087674
1335.000000 0.087726
1336.000000 0.087937
1338.000000 0.087963
1339.000000 0.088016
1340.000000 0.088173
1341.000000 0.088200
1343.000000 0.088252
1348.000000 0.088305
1364.000000 0.088331
1366.000000 0.088358
1367.000000 0.088436
1368.000000 0.088515
1369.000000 0.088594
1374.000000 0.089278
1376.000000 0.089305
1381.000000 0.089331
1383.000000 0.089383
1390.000000 0.089410
1392.000000 0.089436
1399.000000 0.089462
1403.000000 0.089489
1405.000000 0.089515
1416.000000 0.100168
1420.000000 0.100195
1421.000000 0.100221
1425.000000 0.100247
1433.000000 0.100274
1438.000000 0.100300
1439.000000 0.100326
1442.000000 0.100379
1443.000000 0.100589
1458.000000 0.117687
1476.000000 0.117740
1477.000000 0.117766
1479.000000 0.117793
1481.000000 0.117819
1486.000000 0.117845
1487.000000 0.117871
1488.000000 0.117950
1492.000000 0.117977
1493.000000 0.118003
1494.000000 0.118056
1495.000000 0.118082
1496.000000 0.118161
1497.000000 0.118476
1498.000000 0.119081
1499.000000 0.124027
1500.000000 1.000000
