42.000000 0.370872
54.000000 0.886641
56.000000 0.886664
60.000000 0.900498
64.000000 0.900637
66.000000 0.924783
67.000000 0.924875
68.000000 0.924899
69.000000 0.925061
70.000000 0.927077
71.000000 0.927726
72.000000 0.928282
73.000000 0.929186
74.000000 0.934005
75.000000 0.935141
76.000000 0.937018
77.000000 0.937782
78.000000 0.938593
79.000000 0.939474
80.000000 0.940239
81.000000 0.940980
82.000000 0.941374
83.000000 0.941838
84.000000 0.942394
85.000000 0.942903
86.000000 0.943112
87.000000 0.943297
88.000000 0.943436
89.000000 0.943599
90.000000 0.943761
91.000000 0.943877
92.000000 0.943969
93.000000 0.944039
94.000000 0.944085
95.000000 0.944108
96.000000 0.944178
97.000000 0.944247
99.000000 0.944410
100.000000 0.944433
101.000000 0.944618
106.000000 0.944641
107.000000 0.944665
110.000000 0.944688
111.000000 0.944711
125.000000 0.944757
132.000000 0.944827
133.000000 0.944896
134.000000 0.944943
140.000000 0.944966
142.000000 0.944989
160.000000 0.945082
176.000000 0.945290
181.000000 0.945337
215.000000 0.945383
218.000000 0.945406
222.000000 0.945429
228.000000 0.945568
230.000000 0.945591
308.000000 0.945615
350.000000 0.945638
371.000000 0.945661
385.000000 0.945684
393.000000 0.945731
402.000000 0.945754
410.000000 0.945777
413.000000 0.945800
414.000000 0.945823
423.000000 0.945846
424.000000 0.945870
427.000000 0.945893
431.000000 0.945916
432.000000 0.945939
433.000000 0.945962
434.000000 0.945985
435.000000 0.946009
436.000000 0.946055
438.000000 0.946078
439.000000 0.946101
440.000000 0.946820
444.000000 0.946843
445.000000 0.946889
446.000000 0.946912
448.000000 0.946935
449.000000 0.946982
453.000000 0.947005
454.000000 0.947190
455.000000 0.947237
456.000000 0.947561
458.000000 0.947700
459.000000 0.947723
460.000000 0.947747
461.000000 0.948951
462.000000 0.948998
464.000000 0.949067
465.000000 0.949230
467.000000 0.949299
468.000000 0.949345
471.000000 0.949369
472.000000 0.949577
474.000000 0.949600
476.000000 0.949693
477.000000 0.949948
480.000000 0.950041
483.000000 0.950064
484.000000 0.950133
486.000000 0.950180
491.000000 0.950249
493.000000 0.950272
498.000000 0.950295
501.000000 0.950342
511.000000 0.950898
512.000000 0.950944
515.000000 0.951570
528.000000 0.951616
531.000000 0.951639
536.000000 0.951686
537.000000 0.951709
539.000000 0.951871
550.000000 0.951894
556.000000 0.951941
559.000000 0.951987
562.000000 0.952010
568.000000 0.952033
571.000000 0.952057
577.000000 0.952080
579.000000 0.952242
580.000000 0.952265
581.000000 0.952311
584.000000 0.952335
587.000000 0.952358
590.000000 0.952381
591.000000 0.952404
598.000000 0.952427
604.000000 0.952450
605.000000 0.952474
606.000000 0.952497
607.000000 0.952590
608.000000 0.952613
610.000000 0.952636
611.000000 0.952682
617.000000 0.952705
626.000000 0.952729
627.000000 0.952821
631.000000 0.953122
634.000000 0.953169
645.000000 0.953192
650.000000 0.953215
653.000000 0.953308
670.000000 0.953331
677.000000 0.953563
679.000000 0.953586
685.000000 0.953609
691.000000 0.953632
709.000000 0.953655
711.000000 0.953725
714.000000 0.953748
721.000000 0.953771
727.000000 0.953794
728.000000 0.953818
729.000000 0.953864
730.000000 0.953980
731.000000 0.954026
734.000000 0.954049
736.000000 0.954073
741.000000 0.954096
742.000000 0.954119
743.000000 0.954142
744.000000 0.954165
745.000000 0.954212
746.000000 0.954258
747.000000 0.954420
748.000000 0.954443
749.000000 0.954466
752.000000 0.954513
753.000000 0.954536
756.000000 0.954559
762.000000 0.954675
766.000000 0.954721
768.000000 0.954837
769.000000 0.954860
773.000000 0.954884
778.000000 0.954907
781.000000 0.954930
782.000000 0.954976
783.000000 0.955023
784.000000 0.955046
786.000000 0.955069
791.000000 0.955092
793.000000 0.955115
799.000000 0.955138
802.000000 0.955162
804.000000 0.955208
806.000000 0.955231
810.000000 0.955324
815.000000 0.955463
821.000000 0.955486
822.000000 0.955509
825.000000 0.955532
826.000000 0.955648
827.000000 0.955741
829.000000 0.955764
833.000000 0.955787
845.000000 0.955810
856.000000 0.955834
879.000000 0.955857
885.000000 0.955880
888.000000 0.955926
896.000000 0.955949
898.000000 0.955973
905.000000 0.955996
909.000000 0.956019
919.000000 0.956042
921.000000 0.956065
936.000000 0.956089
940.000000 0.956112
942.000000 0.956135
952.000000 0.956158
957.000000 0.956181
968.000000 0.956274
971.000000 0.956297
1017.000000 0.956320
1021.000000 0.956343
1029.000000 0.956367
1045.000000 0.956390
1134.000000 0.956413
1149.000000 0.956436
1233.000000 0.956459
1241.000000 0.956482
1248.000000 0.956506
1249.000000 0.956529
1255.000000 0.956552
1259.000000 0.956621
1260.000000 0.956714
1261.000000 0.956737
1262.000000 0.956784
1263.000000 0.956830
1264.000000 0.956876
1265.000000 0.956923
1272.000000 0.956946
1276.000000 0.956992
1279.000000 0.957015
1281.000000 0.957039
1287.000000 0.957085
1288.000000 0.957108
1291.000000 0.957131
1301.000000 0.957178
1315.000000 0.957201
1320.000000 0.957224
1322.000000 0.957247
1328.000000 0.957270
1329.000000 0.957293
1349.000000 0.957317
1374.000000 0.998332
1414.000000 0.998355
1415.000000 0.998401
1438.000000 0.998447
1475.000000 0.998471
1495.000000 0.998494
1496.000000 0.998679
1497.000000 0.998726
1500.000000 0.998749
1504.000000 0.998772
1512.000000 0.998795
1514.000000 1.000000
