40.000000 0.023171
41.000000 0.029585
42.000000 0.030158
43.000000 0.030459
44.000000 0.034934
45.000000 0.034962
46.000000 0.034989
47.000000 0.035016
48.000000 0.035044
49.000000 0.035071
52.000000 0.035098
56.000000 0.035126
57.000000 0.035153
60.000000 0.035180
61.000000 0.035207
65.000000 0.035235
68.000000 0.035262
70.000000 0.035289
76.000000 0.035344
86.000000 0.035371
98.000000 0.035398
99.000000 0.035426
102.000000 0.035453
110.000000 0.035480
113.000000 0.035508
114.000000 0.035535
124.000000 0.035590
127.000000 0.035617
148.000000 0.035644
149.000000 0.035671
152.000000 0.035699
166.000000 0.035726
180.000000 0.036272
192.000000 0.036299
195.000000 0.036326
202.000000 0.036381
204.000000 0.037882
208.000000 0.038046
209.000000 0.038073
215.000000 0.038100
221.000000 0.038155
225.000000 0.038182
226.000000 0.038210
227.000000 0.038319
229.000000 0.038401
230.000000 0.038537
231.000000 0.039001
245.000000 0.039028
251.000000 0.039056
254.000000 0.039110
257.000000 0.039138
260.000000 0.039165
267.000000 0.039219
274.000000 0.039247
284.000000 0.039274
286.000000 0.039329
287.000000 0.039356
296.000000 0.039410
306.000000 0.039438
310.000000 0.039465
318.000000 0.039520
321.000000 0.039547
327.000000 0.039629
332.000000 0.040093
336.000000 0.040120
352.000000 0.040147
353.000000 0.040175
355.000000 0.040202
357.000000 0.040229
363.000000 0.040475
367.000000 0.040502
370.000000 0.040529
372.000000 0.040557
374.000000 0.040611
388.000000 0.040639
394.000000 0.040666
395.000000 0.040721
396.000000 0.040966
397.000000 0.041021
398.000000 0.041539
399.000000 0.041567
400.000000 0.041594
401.000000 0.041648
407.000000 0.041676
415.000000 0.042467
420.000000 0.042495
428.000000 0.042795
429.000000 0.042849
431.000000 0.042904
432.000000 0.042931
433.000000 0.042959
441.000000 0.043341
450.000000 0.043368
454.000000 0.043395
456.000000 0.043422
457.000000 0.043450
462.000000 0.043477
465.000000 0.043504
469.000000 0.043559
481.000000 0.044760
487.000000 0.044787
498.000000 0.044814
503.000000 0.044842
504.000000 0.044869
505.000000 0.044896
506.000000 0.044951
507.000000 0.044978
511.000000 0.045005
516.000000 0.045033
518.000000 0.045060
526.000000 0.045087
529.000000 0.045115
532.000000 0.045142
535.000000 0.045169
536.000000 0.045224
542.000000 0.045251
547.000000 0.045278
548.000000 0.045306
552.000000 0.045333
553.000000 0.045360
554.000000 0.045388
555.000000 0.045415
556.000000 0.045442
557.000000 0.045469
569.000000 0.045497
574.000000 0.045524
577.000000 0.045551
591.000000 0.045824
598.000000 0.045852
600.000000 0.045961
603.000000 0.045988
606.000000 0.046043
608.000000 0.046070
610.000000 0.046097
622.000000 0.046124
627.000000 0.046152
629.000000 0.046179
637.000000 0.046234
642.000000 0.046261
652.000000 0.046288
656.000000 0.046316
657.000000 0.046343
660.000000 0.046370
664.000000 0.046452
665.000000 0.046479
666.000000 0.046507
672.000000 0.046588
674.000000 0.046643
677.000000 0.046670
682.000000 0.046698
688.000000 0.046752
706.000000 0.046779
708.000000 0.046807
712.000000 0.046834
717.000000 0.046861
718.000000 0.046889
726.000000 0.046916
728.000000 0.046943
729.000000 0.046998
738.000000 0.047025
739.000000 0.047080
741.000000 0.047107
743.000000 0.047134
751.000000 0.047162
753.000000 0.047189
764.000000 0.047216
765.000000 0.047243
781.000000 0.047271
782.000000 0.047325
787.000000 0.047353
789.000000 0.047407
790.000000 0.047434
794.000000 0.047462
812.000000 0.047544
814.000000 0.047571
815.000000 0.047680
819.000000 0.047707
821.000000 0.047735
822.000000 0.047789
824.000000 0.047844
829.000000 0.047871
830.000000 0.047926
832.000000 0.047953
836.000000 0.047980
838.000000 0.048008
839.000000 0.048035
842.000000 0.048090
846.000000 0.048117
848.000000 0.048144
849.000000 0.048171
853.000000 0.048226
857.000000 0.048281
859.000000 0.048308
860.000000 0.048335
861.000000 0.048362
870.000000 0.048390
873.000000 0.048417
878.000000 0.048472
880.000000 0.048499
883.000000 0.048526
887.000000 0.048553
888.000000 0.048581
889.000000 0.048608
890.000000 0.048635
891.000000 0.048799
892.000000 0.048826
894.000000 0.048854
896.000000 0.048881
907.000000 0.048936
916.000000 0.053166
918.000000 0.053193
919.000000 0.053221
926.000000 0.053275
932.000000 0.053302
938.000000 0.053330
941.000000 0.053357
953.000000 0.053384
961.000000 0.053412
962.000000 0.053466
978.000000 0.053603
980.000000 0.053630
984.000000 0.053657
999.000000 0.053684
1005.000000 0.053739
1006.000000 0.053766
1008.000000 0.053794
1010.000000 0.053821
1011.000000 0.053848
1014.000000 0.053903
1022.000000 0.053957
1032.000000 0.053985
1040.000000 0.054012
1042.000000 0.054067
1048.000000 0.054094
1059.000000 0.054121
1068.000000 0.054176
1078.000000 0.054203
1079.000000 0.054230
1080.000000 0.054258
1089.000000 0.054312
1090.000000 0.054340
1095.000000 0.054367
1096.000000 0.054394
1100.000000 0.054421
1101.000000 0.054449
1104.000000 0.054476
1105.000000 0.054503
1108.000000 0.054531
1109.000000 0.054558
1111.000000 0.054612
1113.000000 0.054640
1117.000000 0.054667
1118.000000 0.054694
1122.000000 0.054722
1124.000000 0.054749
1127.000000 0.054776
1128.000000 0.054803
1130.000000 0.054831
1136.000000 0.054858
1138.000000 0.054885
1139.000000 0.054913
1142.000000 0.054967
1144.000000 0.055022
1146.000000 0.055049
1148.000000 0.055076
1154.000000 0.055104
1156.000000 0.055131
1161.000000 0.055158
1162.000000 0.055186
1170.000000 0.055213
1171.000000 0.055240
1181.000000 0.055267
1187.000000 0.055295
1190.000000 0.055322
1193.000000 0.055349
1196.000000 0.055568
1202.000000 0.055595
1204.000000 0.055622
1211.000000 0.055650
1213.000000 0.055677
1217.000000 0.055704
1230.000000 0.055731
1248.000000 0.055759
1249.000000 0.055786
1255.000000 0.055813
1259.000000 0.055868
1260.000000 0.055950
1266.000000 0.055977
1268.000000 0.056004
1278.000000 0.056032
1283.000000 0.056059
1290.000000 0.056168
1296.000000 0.056195
1297.000000 0.056250
1301.000000 0.056305
1302.000000 0.056332
1303.000000 0.056441
1304.000000 0.056578
1305.000000 0.056605
1311.000000 0.056632
1317.000000 0.056659
1320.000000 0.056687
1323.000000 0.056714
1328.000000 0.056769
1330.000000 0.056796
1332.000000 0.056850
1333.000000 0.056878
1334.000000 0.056960
1335.000000 0.057014
1336.000000 0.057233
1338.000000 0.057260
1339.000000 0.057314
1340.000000 0.057478
1341.000000 0.057505
1343.000000 0.057560
1348.000000 0.057615
1364.000000 0.057642
1366.000000 0.057669
1367.000000 0.057751
1368.000000 0.057833
1369.000000 0.057915
1374.000000 0.058488
1376.000000 0.058515
1381.000000 0.058543
1383.000000 0.058597
1390.000000 0.058624
1392.000000 0.058652
1399.000000 0.058679
1403.000000 0.058706
1405.000000 0.058734
1416.000000 0.068750
1420.000000 0.068777
1421.000000 0.068805
1425.000000 0.068832
1433.000000 0.068859
1438.000000 0.068886
1439.000000 0.068914
1442.000000 0.068968
1443.000000 0.069187
1458.000000 0.086463
1476.000000 0.086517
1477.000000 0.086545
1479.000000 0.086572
1481.000000 0.086599
1486.000000 0.086627
1487.000000 0.086654
1488.000000 0.086736
1492.000000 0.086763
1493.000000 0.086790
1494.000000 0.086845
1495.000000 0.086872
1496.000000 0.086954
1497.000000 0.087282
1498.000000 0.087909
1499.000000 0.093040
1500.000000 1.000000
